BoneCount: 185
mixamorig1:Neck
0
ChildCount: 1
1
53
1.000000 0.000000 -0.000000 0.000000
0.000000 1.000000 -0.000000 0.000000
-0.000000 -0.000000 1.000000 -0.000000
0.000000 0.000000 -0.000000 1.000000
1.000000 0.000000 -0.000000 0.000000
0.000000 1.000000 -0.000000 0.000000
-0.000000 -0.000000 1.000000 -0.000000
-0.001137 -0.973997 -0.017063 1.000000
mixamorig1:Head
1
ChildCount: 1
54
0
1.000000 0.000000 -0.000000 0.000000
0.000000 1.000000 -0.000000 0.000000
-0.000000 -0.000000 1.000000 -0.000000
0.000000 0.175350 -0.011031 1.000000
1.000000 0.000000 -0.000000 0.000000
0.000000 1.000000 -0.000000 0.000000
-0.000000 -0.000000 1.000000 -0.000000
-0.001137 -1.149346 -0.006032 1.000000
mixamorig1:Spine2
2
ChildCount: 3
51
55
107
7
1.000000 0.000000 -0.000000 0.000000
0.000000 1.000000 -0.000000 0.000000
-0.000000 -0.000000 1.000000 -0.000000
0.000000 0.103285 0.000000 1.000000
1.000000 0.000000 -0.000000 0.000000
0.000000 0.999450 -0.033175 0.000000
-0.000000 0.033175 0.999450 -0.000000
-0.001137 -0.857830 0.015259 1.000000
mixamorig1:LeftShoulder
3
ChildCount: 1
58
57
1.000000 0.000000 -0.000000 0.000000
0.000000 1.000000 -0.000000 0.000000
-0.000000 -0.000000 1.000000 -0.000000
0.000000 0.000000 -0.000000 1.000000
-0.009791 0.935197 0.353993 0.000000
-0.033228 -0.354118 0.934610 0.000000
0.999400 -0.002611 0.034542 -0.000000
0.015316 0.291916 -0.911098 1.000000
mixamorig1:RightShoulder
4
ChildCount: 1
110
109
1.000000 0.000000 -0.000000 0.000000
0.000000 1.000000 -0.000000 0.000000
-0.000000 -0.000000 1.000000 -0.000000
0.000000 0.000000 -0.000000 1.000000
-0.015376 -0.935197 -0.353793 0.000000
0.033239 -0.354117 0.934610 0.000000
-0.999329 0.002611 0.036530 -0.000000
-0.015298 0.293953 -0.910327 1.000000
mixamorig1:RightArm
5
ChildCount: 1
113
112
1.000000 0.000000 -0.000000 0.000000
0.000000 1.000000 -0.000000 0.000000
-0.000000 -0.000000 1.000000 -0.000000
0.000000 0.000000 -0.000000 1.000000
-0.028830 -0.995587 -0.089301 0.000000
0.028141 -0.090111 0.995534 0.000000
-0.999188 0.026189 0.030614 -0.000000
-0.012569 -0.062082 -0.927820 1.000000
mixamorig1:LeftArm
6
ChildCount: 1
61
60
1.000000 0.000000 -0.000000 0.000000
0.000000 1.000000 -0.000000 0.000000
-0.000000 -0.000000 1.000000 -0.000000
0.000000 0.000000 -0.000000 1.000000
-0.033338 0.995449 0.089270 0.000000
-0.024300 -0.090101 0.995636 0.000000
0.999149 0.031023 0.027193 -0.000000
0.010589 -0.064394 -0.928030 1.000000
mixamorig1:Spine1
7
ChildCount: 1
2
14
1.000000 0.000000 -0.000000 0.000000
0.000000 1.000000 -0.000000 0.000000
-0.000000 -0.000000 1.000000 -0.000000
0.000000 0.090375 0.000000 1.000000
1.000000 0.000000 -0.000000 0.000000
0.000000 0.999450 -0.033175 0.000000
-0.000000 0.033175 0.999450 -0.000000
-0.001137 -0.754545 0.015259 1.000000
mixamorig1:LeftForeArm
8
ChildCount: 1
64
63
1.000000 0.000000 -0.000000 0.000000
0.000000 1.000000 -0.000000 0.000000
-0.000000 -0.000000 1.000000 -0.000000
0.000000 0.000000 -0.000000 1.000000
0.031085 0.999462 0.010423 0.000000
-0.030074 -0.009488 0.999503 0.000000
0.999064 -0.031383 0.029763 -0.000000
-0.004499 -0.305762 -0.906727 1.000000
mixamorig1:LeftHand
9
ChildCount: 4
67
77
87
97
66
1.000000 0.000000 -0.000000 0.000000
0.000000 1.000000 -0.000000 0.000000
-0.000000 -0.000000 1.000000 -0.000000
0.000000 0.000000 -0.000000 1.000000
0.018484 0.994420 0.103863 0.000000
0.027641 -0.104350 0.994157 0.000000
0.999447 -0.015505 -0.029416 -0.000000
-0.049887 -0.429183 -0.950193 1.000000
mixamorig1:LeftHandRing1
10
ChildCount: 1
100
99
1.000000 0.000000 -0.000000 0.000000
0.000000 1.000000 -0.000000 0.000000
-0.000000 -0.000000 1.000000 -0.000000
0.000000 0.000000 -0.000000 1.000000
-0.285314 0.944117 0.165041 0.000000
0.058114 -0.154841 0.986229 0.000000
0.956671 0.290976 -0.010688 -0.000000
0.085176 -0.473286 -0.983253 1.000000
mixamorig1:RightForeArm
11
ChildCount: 1
116
115
1.000000 0.000000 -0.000000 0.000000
0.000000 1.000000 -0.000000 0.000000
-0.000000 -0.000000 1.000000 -0.000000
0.000000 0.000000 -0.000000 1.000000
0.030478 -0.999480 -0.010510 0.000000
0.033454 -0.009488 0.999395 0.000000
-0.998975 -0.030812 0.033148 -0.000000
0.001186 -0.303506 -0.906708 1.000000
mixamorig1:RightHand
12
ChildCount: 4
119
129
139
149
118
1.000000 0.000000 -0.000000 0.000000
0.000000 1.000000 -0.000000 0.000000
-0.000000 -0.000000 1.000000 -0.000000
0.000000 0.000000 -0.000000 1.000000
0.022437 -0.993523 -0.111394 0.000000
-0.002514 -0.111477 0.993764 0.000000
-0.999745 -0.022017 -0.004999 -0.000000
0.029399 -0.419926 -0.953922 1.000000
mixamorig1:RightHandMiddle1
13
ChildCount: 1
142
141
1.000000 0.000000 -0.000000 0.000000
0.000000 1.000000 -0.000000 0.000000
-0.000000 -0.000000 1.000000 -0.000000
0.000000 0.000000 -0.000000 1.000000
-0.005467 -0.997223 -0.074274 0.000000
-0.005643 -0.074243 0.997224 0.000000
-0.999969 0.005871 -0.005222 -0.000000
0.013538 -0.567206 -0.933945 1.000000
mixamorig1:Spine
14
ChildCount: 1
7
50
1.000000 0.000000 -0.000000 0.000000
0.000000 1.000000 -0.000000 0.000000
-0.000000 -0.000000 1.000000 -0.000000
0.000000 0.000000 -0.000000 1.000000
1.000000 0.000000 -0.000000 0.000000
0.000000 0.999450 -0.033175 0.000000
-0.000000 0.033175 0.999450 -0.000000
-0.001137 -0.664170 0.015259 1.000000
mixamorig1:Hips
15
ChildCount: 3
48
159
172
46
1.000000 0.000000 -0.000000 0.000000
0.000000 1.000000 -0.000000 0.000000
-0.000000 -0.000000 1.000000 -0.000000
0.001137 0.582634 0.004214 1.000000
1.000000 0.000000 -0.000000 0.000000
0.000000 1.000000 -0.000000 0.000000
-0.000000 -0.000000 1.000000 -0.000000
-0.001137 -0.586889 -0.004214 1.000000
mixamorig1:RightHandRing1
16
ChildCount: 1
152
151
1.000000 0.000000 -0.000000 0.000000
0.000000 1.000000 -0.000000 0.000000
-0.000000 -0.000000 1.000000 -0.000000
0.000000 0.000000 -0.000000 1.000000
-0.329067 -0.942173 -0.063441 0.000000
-0.041632 -0.052643 0.997745 0.000000
-0.943388 0.330966 -0.021902 -0.000000
-0.128531 -0.561325 -0.925219 1.000000
mixamorig1:RightUpLeg
17
ChildCount: 1
175
174
1.000000 0.000000 -0.000000 0.000000
0.000000 1.000000 -0.000000 0.000000
-0.000000 -0.000000 1.000000 -0.000000
0.000000 0.000000 -0.000000 1.000000
-0.999509 -0.031330 -0.000000 0.000000
0.031329 -0.999469 -0.008995 0.000000
0.000282 -0.008991 0.999960 -0.000000
-0.113849 0.540605 0.000938 1.000000
mixamorig1:LeftUpLeg
18
ChildCount: 1
162
161
1.000000 0.000000 -0.000000 0.000000
0.000000 1.000000 -0.000000 0.000000
-0.000000 -0.000000 1.000000 -0.000000
0.000000 0.000000 -0.000000 1.000000
-0.999509 0.031331 -0.000000 0.000000
-0.031331 -0.999502 -0.003868 0.000000
-0.000121 -0.003866 0.999993 -0.000000
0.116122 0.540527 -0.000607 1.000000
mixamorig1:LeftLeg
19
ChildCount: 1
165
164
1.000000 0.000000 -0.000000 0.000000
0.000000 1.000000 -0.000000 0.000000
-0.000000 -0.000000 1.000000 -0.000000
0.000000 0.000000 -0.000000 1.000000
-0.999974 0.007261 0.000103 0.000000
-0.007261 -0.999810 -0.018088 0.000000
-0.000028 -0.018088 0.999836 -0.000000
0.108300 0.326206 0.004032 1.000000
mixamorig1:LeftFoot
20
ChildCount: 1
168
167
1.000000 0.000000 -0.000000 0.000000
0.000000 1.000000 -0.000000 0.000000
-0.000000 -0.000000 1.000000 -0.000000
0.000000 0.000000 -0.000000 1.000000
-0.998653 0.043416 -0.028421 0.000000
-0.006321 -0.645391 -0.763827 0.000000
-0.051505 -0.762618 0.644795 -0.000000
0.107949 0.075430 0.100567 1.000000
mixamorig1:LeftToeBase
21
ChildCount: 1
171
170
1.000000 0.000000 -0.000000 0.000000
0.000000 1.000000 -0.000000 0.000000
-0.000000 -0.000000 1.000000 -0.000000
0.000000 0.000000 -0.000000 1.000000
-0.996434 0.080077 -0.026587 0.000000
0.027305 0.007878 -0.999596 0.000000
-0.079835 -0.996758 -0.010037 -0.000000
0.103418 -0.147656 0.011870 1.000000
mixamorig1:RightLeg
22
ChildCount: 1
178
177
1.000000 0.000000 -0.000000 0.000000
0.000000 1.000000 -0.000000 0.000000
-0.000000 -0.000000 1.000000 -0.000000
0.000000 0.000000 -0.000000 1.000000
-0.999974 -0.007261 -0.000035 0.000000
0.007261 -0.999879 -0.013790 0.000000
0.000065 -0.013790 0.999905 -0.000000
-0.106026 0.326239 0.002503 1.000000
mixamorig1:RightFoot
23
ChildCount: 1
181
180
1.000000 0.000000 -0.000000 0.000000
0.000000 1.000000 -0.000000 0.000000
-0.000000 -0.000000 1.000000 -0.000000
0.000000 0.000000 -0.000000 1.000000
-0.998660 -0.043427 0.028151 0.000000
0.006544 -0.645553 -0.763687 0.000000
0.051338 -0.762480 0.644972 -0.000000
-0.105758 0.076307 0.099816 1.000000
mixamorig1:RightToeBase
24
ChildCount: 1
184
183
1.000000 0.000000 -0.000000 0.000000
0.000000 1.000000 -0.000000 0.000000
-0.000000 -0.000000 1.000000 -0.000000
0.000000 0.000000 -0.000000 1.000000
-0.996524 -0.079270 0.025620 0.000000
-0.026319 0.007794 -0.999623 0.000000
0.079040 -0.996823 -0.009853 -0.000000
-0.101366 -0.146342 0.011736 1.000000
mixamorig1:LeftHandMiddle1
25
ChildCount: 1
90
89
1.000000 0.000000 -0.000000 0.000000
0.000000 1.000000 -0.000000 0.000000
-0.000000 -0.000000 1.000000 -0.000000
0.000000 0.000000 -0.000000 1.000000
0.015119 0.995448 0.094104 0.000000
0.027994 -0.094499 0.995131 0.000000
0.999494 -0.012411 -0.029295 -0.000000
-0.047357 -0.551869 -0.945243 1.000000
mixamorig1:LeftHandThumb1
26
ChildCount: 1
70
69
1.000000 0.000000 -0.000000 0.000000
0.000000 1.000000 -0.000000 0.000000
-0.000000 -0.000000 1.000000 -0.000000
0.000000 0.000000 -0.000000 1.000000
0.777415 0.556578 0.292997 0.000000
-0.062700 -0.394928 0.916570 0.000000
0.625856 -0.730926 -0.272125 -0.000000
-0.374990 0.026535 -0.976128 1.000000
mixamorig1:LeftHandThumb2
27
ChildCount: 1
73
72
1.000000 0.000000 -0.000000 0.000000
0.000000 1.000000 -0.000000 0.000000
-0.000000 -0.000000 1.000000 -0.000000
0.000000 0.000000 -0.000000 1.000000
0.777415 0.548300 0.308210 0.000000
-0.062701 -0.420014 0.905349 0.000000
0.625855 -0.723157 -0.292146 -0.000000
-0.385166 0.015373 -0.976075 1.000000
mixamorig1:LeftHandThumb3
28
ChildCount: 1
76
75
1.000000 0.000000 -0.000000 0.000000
0.000000 1.000000 -0.000000 0.000000
-0.000000 -0.000000 1.000000 -0.000000
0.000000 0.000000 -0.000000 1.000000
0.777415 0.516388 0.359124 0.000000
-0.062701 -0.504487 0.861140 0.000000
0.625855 -0.691980 -0.359818 -0.000000
-0.374908 0.072945 -0.973557 1.000000
mixamorig1:LeftHandIndex1
29
ChildCount: 1
80
79
1.000000 0.000000 -0.000000 0.000000
0.000000 1.000000 -0.000000 0.000000
-0.000000 -0.000000 1.000000 -0.000000
0.000000 0.000000 -0.000000 1.000000
0.330238 0.942728 0.046976 0.000000
-0.006573 -0.047470 0.998851 0.000000
0.943875 -0.330167 -0.009480 -0.000000
-0.187550 -0.564023 -0.916505 1.000000
mixamorig1:LeftHandRing2
30
ChildCount: 1
103
102
1.000000 0.000000 -0.000000 0.000000
0.000000 1.000000 -0.000000 0.000000
-0.000000 -0.000000 1.000000 -0.000000
0.000000 0.000000 -0.000000 1.000000
-0.285313 0.956642 0.058591 0.000000
0.058114 -0.043752 0.997351 0.000000
0.956671 0.287962 -0.043112 -0.000000
0.085341 -0.614596 -0.920384 1.000000
mixamorig1:LeftHandIndex2
31
ChildCount: 1
83
82
1.000000 0.000000 -0.000000 0.000000
0.000000 1.000000 -0.000000 0.000000
-0.000000 -0.000000 1.000000 -0.000000
0.000000 0.000000 -0.000000 1.000000
0.330238 0.943532 0.026294 0.000000
-0.006573 -0.025557 0.999652 0.000000
0.943875 -0.330296 -0.002238 -0.000000
-0.187549 -0.622061 -0.903082 1.000000
mixamorig1:LeftHandMiddle2
32
ChildCount: 1
93
92
1.000000 0.000000 -0.000000 0.000000
0.000000 1.000000 -0.000000 0.000000
-0.000000 -0.000000 1.000000 -0.000000
0.000000 0.000000 -0.000000 1.000000
0.015119 0.999457 0.029262 0.000000
0.027994 -0.029677 0.999167 0.000000
0.999494 -0.014287 -0.028428 -0.000000
-0.047321 -0.650242 -0.904927 1.000000
mixamorig1:LeftHandRing3
33
ChildCount: 1
106
105
1.000000 0.000000 -0.000000 0.000000
0.000000 1.000000 -0.000000 0.000000
-0.000000 -0.000000 1.000000 -0.000000
0.000000 0.000000 -0.000000 1.000000
-0.285313 0.954501 -0.086739 0.000000
0.058114 0.107563 0.992498 0.000000
0.956671 0.278132 -0.086159 -0.000000
0.085334 -0.778320 -0.812029 1.000000
mixamorig1:LeftHandIndex3
34
ChildCount: 1
86
85
1.000000 0.000000 -0.000000 0.000000
0.000000 1.000000 -0.000000 0.000000
-0.000000 -0.000000 1.000000 -0.000000
0.000000 0.000000 -0.000000 1.000000
0.330238 0.940648 0.078257 0.000000
-0.006573 -0.080614 0.996724 0.000000
0.943875 -0.329670 -0.020439 -0.000000
-0.187541 -0.606939 -0.937959 1.000000
mixamorig1:LeftHandMiddle3
35
ChildCount: 1
96
95
1.000000 0.000000 -0.000000 0.000000
0.000000 1.000000 -0.000000 0.000000
-0.000000 -0.000000 1.000000 -0.000000
0.000000 0.000000 -0.000000 1.000000
0.015119 0.999886 -0.000160 0.000000
0.027994 -0.000264 0.999608 0.000000
0.999494 -0.015117 -0.027995 -0.000000
-0.047335 -0.715220 -0.884264 1.000000
mixamorig1:RightHandThumb1
36
ChildCount: 1
122
121
1.000000 0.000000 -0.000000 0.000000
0.000000 1.000000 -0.000000 0.000000
-0.000000 -0.000000 1.000000 -0.000000
0.000000 0.000000 -0.000000 1.000000
0.753738 -0.582165 -0.304899 0.000000
0.081208 -0.377888 0.922283 0.000000
-0.652138 -0.719920 -0.237552 -0.000000
0.345027 -0.000193 -0.987346 1.000000
mixamorig1:RightHandIndex1
37
ChildCount: 1
132
131
1.000000 0.000000 -0.000000 0.000000
0.000000 1.000000 -0.000000 0.000000
-0.000000 -0.000000 1.000000 -0.000000
0.000000 0.000000 -0.000000 1.000000
0.338271 -0.940110 -0.042015 0.000000
0.033187 -0.032702 0.998914 0.000000
-0.940463 -0.339298 0.020137 -0.000000
0.168167 -0.571289 -0.912331 1.000000
mixamorig1:RightHandThumb2
38
ChildCount: 1
125
124
1.000000 0.000000 -0.000000 0.000000
0.000000 1.000000 -0.000000 0.000000
-0.000000 -0.000000 1.000000 -0.000000
0.000000 0.000000 -0.000000 1.000000
0.753738 -0.552620 -0.355654 0.000000
0.081209 -0.458716 0.884864 0.000000
-0.652138 -0.695838 -0.300874 -0.000000
0.355533 0.050742 -0.986757 1.000000
mixamorig1:RightHandRing2
39
ChildCount: 1
155
154
1.000000 0.000000 -0.000000 0.000000
0.000000 1.000000 -0.000000 0.000000
-0.000000 -0.000000 1.000000 -0.000000
0.000000 0.000000 -0.000000 1.000000
-0.329066 -0.944028 -0.022927 0.000000
-0.041632 -0.009752 0.999085 0.000000
-0.943388 0.329720 -0.036093 -0.000000
-0.128490 -0.634632 -0.898798 1.000000
mixamorig1:RightHandIndex2
40
ChildCount: 1
135
134
1.000000 0.000000 -0.000000 0.000000
0.000000 1.000000 -0.000000 0.000000
-0.000000 -0.000000 1.000000 -0.000000
0.000000 0.000000 -0.000000 1.000000
0.338270 -0.940971 -0.012109 0.000000
0.033187 -0.000931 0.999449 0.000000
-0.940463 -0.338486 0.030913 -0.000000
0.168030 -0.639444 -0.892455 1.000000
mixamorig1:RightHandThumb3
41
ChildCount: 1
128
127
1.000000 0.000000 -0.000000 0.000000
0.000000 1.000000 -0.000000 0.000000
-0.000000 -0.000000 1.000000 -0.000000
0.000000 0.000000 -0.000000 1.000000
0.753738 -0.532732 -0.384806 0.000000
0.081209 -0.505554 0.858965 0.000000
-0.652138 -0.678684 -0.337793 -0.000000
0.343001 0.067913 -0.984530 1.000000
mixamorig1:RightHandMiddle2
42
ChildCount: 1
145
144
1.000000 0.000000 -0.000000 0.000000
0.000000 1.000000 -0.000000 0.000000
-0.000000 -0.000000 1.000000 -0.000000
0.000000 0.000000 -0.000000 1.000000
-0.005467 -0.999451 -0.032667 0.000000
-0.005643 -0.032636 0.999451 0.000000
-0.999969 0.005648 -0.005462 -0.000000
0.013551 -0.645813 -0.907830 1.000000
mixamorig1:RightHandRing3
43
ChildCount: 1
158
157
1.000000 0.000000 -0.000000 0.000000
0.000000 1.000000 -0.000000 0.000000
-0.000000 -0.000000 1.000000 -0.000000
0.000000 0.000000 -0.000000 1.000000
-0.329067 -0.893861 -0.304513 0.000000
-0.041632 -0.308426 0.950337 0.000000
-0.943388 0.325402 0.064280 -0.000000
-0.128384 -0.367923 -1.057459 1.000000
mixamorig1:RightHandIndex3
44
ChildCount: 1
138
137
1.000000 0.000000 -0.000000 0.000000
0.000000 1.000000 -0.000000 0.000000
-0.000000 -0.000000 1.000000 -0.000000
0.000000 0.000000 -0.000000 1.000000
0.338271 -0.865806 -0.368719 0.000000
0.033187 -0.380598 0.924145 0.000000
-0.940463 -0.324848 -0.100011 -0.000000
0.167830 -0.285526 -1.082086 1.000000
mixamorig1:RightHandMiddle3
45
ChildCount: 1
148
147
1.000000 0.000000 -0.000000 0.000000
0.000000 1.000000 -0.000000 0.000000
-0.000000 -0.000000 1.000000 -0.000000
0.000000 0.000000 -0.000000 1.000000
-0.005467 -0.999750 0.021679 0.000000
-0.005643 0.021710 0.999748 0.000000
-0.999969 0.005343 -0.005760 -0.000000
0.013551 -0.732371 -0.869326 1.000000
RootNode
46
ChildCount: 2
47
15
-1
1.000000 0.000000 -0.000000 0.000000
0.000000 1.000000 -0.000000 0.000000
-0.000000 -0.000000 1.000000 -0.000000
0.000000 0.000000 -0.000000 1.000000
1.000000 0.000000 0.000000 0.000000
0.000000 1.000000 0.000000 0.000000
0.000000 0.000000 1.000000 0.000000
0.000000 0.000000 0.000000 1.000000
Ch19
47
ChildCount: 0
46
1.000000 0.000000 -0.000000 0.000000
0.000000 1.000000 -0.000000 0.000000
-0.000000 -0.000000 1.000000 -0.000000
0.000000 0.000000 -0.000000 1.000000
1.000000 0.000000 0.000000 0.000000
0.000000 1.000000 0.000000 0.000000
0.000000 0.000000 1.000000 0.000000
0.000000 0.000000 0.000000 1.000000
mixamorig1:Spine_$AssimpFbx$_Translation
48
ChildCount: 1
49
15
1.000000 0.000000 -0.000000 0.000000
0.000000 1.000000 -0.000000 0.000000
-0.000000 -0.000000 1.000000 -0.000000
0.000000 0.077421 0.002570 1.000000
1.000000 0.000000 0.000000 0.000000
0.000000 1.000000 0.000000 0.000000
0.000000 0.000000 1.000000 0.000000
0.000000 0.000000 0.000000 1.000000
mixamorig1:Spine_$AssimpFbx$_PreRotation
49
ChildCount: 1
50
48
1.000000 0.000000 -0.000000 0.000000
0.000000 0.999450 0.033175 0.000000
-0.000000 -0.033175 0.999450 -0.000000
0.000000 0.000000 -0.000000 1.000000
1.000000 0.000000 0.000000 0.000000
0.000000 1.000000 0.000000 0.000000
0.000000 0.000000 1.000000 0.000000
0.000000 0.000000 0.000000 1.000000
mixamorig1:Spine_$AssimpFbx$_Rotation
50
ChildCount: 1
14
49
1.000000 0.000000 -0.000000 0.000000
0.000000 1.000000 -0.000000 0.000000
-0.000000 -0.000000 1.000000 -0.000000
0.000000 0.000000 -0.000000 1.000000
1.000000 0.000000 0.000000 0.000000
0.000000 1.000000 0.000000 0.000000
0.000000 0.000000 1.000000 0.000000
0.000000 0.000000 0.000000 1.000000
mixamorig1:Neck_$AssimpFbx$_Translation
51
ChildCount: 1
52
2
1.000000 0.000000 -0.000000 0.000000
0.000000 1.000000 -0.000000 0.000000
-0.000000 -0.000000 1.000000 -0.000000
0.000000 0.116196 -0.000000 1.000000
1.000000 0.000000 0.000000 0.000000
0.000000 1.000000 0.000000 0.000000
0.000000 0.000000 1.000000 0.000000
0.000000 0.000000 0.000000 1.000000
mixamorig1:Neck_$AssimpFbx$_PreRotation
52
ChildCount: 1
53
51
1.000000 0.000000 -0.000000 0.000000
0.000000 0.999450 -0.033175 0.000000
-0.000000 0.033175 0.999450 -0.000000
0.000000 0.000000 -0.000000 1.000000
1.000000 0.000000 0.000000 0.000000
0.000000 1.000000 0.000000 0.000000
0.000000 0.000000 1.000000 0.000000
0.000000 0.000000 0.000000 1.000000
mixamorig1:Neck_$AssimpFbx$_Rotation
53
ChildCount: 1
0
52
1.000000 0.000000 -0.000000 0.000000
0.000000 1.000000 -0.000000 0.000000
-0.000000 -0.000000 1.000000 -0.000000
0.000000 0.000000 -0.000000 1.000000
1.000000 0.000000 0.000000 0.000000
0.000000 1.000000 0.000000 0.000000
0.000000 0.000000 1.000000 0.000000
0.000000 0.000000 0.000000 1.000000
mixamorig1:HeadTop_End
54
ChildCount: 0
1
1.000000 0.000000 -0.000000 0.000000
0.000000 1.000000 -0.000000 0.000000
-0.000000 -0.000000 1.000000 -0.000000
0.000000 0.435590 -0.027403 1.000000
1.000000 0.000000 0.000000 0.000000
0.000000 1.000000 0.000000 0.000000
0.000000 0.000000 1.000000 0.000000
0.000000 0.000000 0.000000 1.000000
mixamorig1:LeftShoulder_$AssimpFbx$_Translation
55
ChildCount: 1
56
2
1.000000 0.000000 -0.000000 0.000000
0.000000 1.000000 -0.000000 0.000000
-0.000000 -0.000000 1.000000 -0.000000
0.048535 0.097608 0.000481 1.000000
1.000000 0.000000 0.000000 0.000000
0.000000 1.000000 0.000000 0.000000
0.000000 0.000000 1.000000 0.000000
0.000000 0.000000 0.000000 1.000000
mixamorig1:LeftShoulder_$AssimpFbx$_PreRotation
56
ChildCount: 1
57
55
-0.009791 -0.000055 0.999952 0.000000
0.935197 -0.354009 0.009138 0.000000
0.353992 0.935242 0.003518 -0.000000
0.000000 0.000000 -0.000000 1.000000
1.000000 0.000000 0.000000 0.000000
0.000000 1.000000 0.000000 0.000000
0.000000 0.000000 1.000000 0.000000
0.000000 0.000000 0.000000 1.000000
mixamorig1:LeftShoulder_$AssimpFbx$_Rotation
57
ChildCount: 1
3
56
1.000000 0.000000 -0.000000 0.000000
0.000000 1.000000 -0.000000 0.000000
-0.000000 -0.000000 1.000000 -0.000000
0.000000 0.000000 -0.000000 1.000000
1.000000 0.000000 0.000000 0.000000
0.000000 1.000000 0.000000 0.000000
0.000000 0.000000 1.000000 0.000000
0.000000 0.000000 0.000000 1.000000
mixamorig1:LeftArm_$AssimpFbx$_Translation
58
ChildCount: 1
59
3
1.000000 0.000000 -0.000000 0.000000
0.000000 1.000000 -0.000000 0.000000
-0.000000 -0.000000 1.000000 -0.000000
0.000000 0.104392 -0.000000 1.000000
1.000000 0.000000 0.000000 0.000000
0.000000 1.000000 0.000000 0.000000
0.000000 0.000000 1.000000 0.000000
0.000000 0.000000 0.000000 1.000000
mixamorig1:LeftArm_$AssimpFbx$_PreRotation
59
ChildCount: 1
60
58
0.999683 -0.025181 0.000000 0.000000
0.024251 0.962767 0.269244 0.000000
-0.006780 -0.269159 0.963072 -0.000000
0.000000 0.000000 -0.000000 1.000000
1.000000 0.000000 0.000000 0.000000
0.000000 1.000000 0.000000 0.000000
0.000000 0.000000 1.000000 0.000000
0.000000 0.000000 0.000000 1.000000
mixamorig1:LeftArm_$AssimpFbx$_Rotation
60
ChildCount: 1
6
59
1.000000 0.000000 -0.000000 0.000000
0.000000 1.000000 -0.000000 0.000000
-0.000000 -0.000000 1.000000 -0.000000
0.000000 0.000000 -0.000000 1.000000
1.000000 0.000000 0.000000 0.000000
0.000000 1.000000 0.000000 0.000000
0.000000 0.000000 1.000000 0.000000
0.000000 0.000000 0.000000 1.000000
mixamorig1:LeftForeArm_$AssimpFbx$_Translation
61
ChildCount: 1
62
6
1.000000 0.000000 -0.000000 0.000000
0.000000 1.000000 -0.000000 0.000000
-0.000000 -0.000000 1.000000 -0.000000
0.000000 0.168656 0.000000 1.000000
1.000000 0.000000 0.000000 0.000000
0.000000 1.000000 0.000000 0.000000
0.000000 0.000000 1.000000 0.000000
0.000000 0.000000 0.000000 1.000000
mixamorig1:LeftForeArm_$AssimpFbx$_PreRotation
62
ChildCount: 1
63
61
0.997908 0.064647 -0.000000 0.000000
-0.064446 0.994796 0.078922 0.000000
0.005102 -0.078757 0.996881 -0.000000
0.000000 0.000000 -0.000000 1.000000
1.000000 0.000000 0.000000 0.000000
0.000000 1.000000 0.000000 0.000000
0.000000 0.000000 1.000000 0.000000
0.000000 0.000000 0.000000 1.000000
mixamorig1:LeftForeArm_$AssimpFbx$_Rotation
63
ChildCount: 1
8
62
1.000000 0.000000 -0.000000 0.000000
0.000000 1.000000 -0.000000 0.000000
-0.000000 -0.000000 1.000000 -0.000000
0.000000 0.000000 -0.000000 1.000000
1.000000 0.000000 0.000000 0.000000
0.000000 1.000000 0.000000 0.000000
0.000000 0.000000 1.000000 0.000000
0.000000 0.000000 0.000000 1.000000
mixamorig1:LeftHand_$AssimpFbx$_Translation
64
ChildCount: 1
65
8
1.000000 0.000000 -0.000000 0.000000
0.000000 1.000000 -0.000000 0.000000
-0.000000 -0.000000 1.000000 -0.000000
0.000000 0.211326 0.000000 1.000000
1.000000 0.000000 0.000000 0.000000
0.000000 1.000000 0.000000 0.000000
0.000000 0.000000 1.000000 0.000000
0.000000 0.000000 0.000000 1.000000
mixamorig1:LeftHand_$AssimpFbx$_PreRotation
65
ChildCount: 1
66
64
0.998255 -0.013154 0.057567 0.000000
0.018559 0.995362 -0.094394 0.000000
-0.056058 0.095297 0.993869 -0.000000
0.000000 0.000000 -0.000000 1.000000
1.000000 0.000000 0.000000 0.000000
0.000000 1.000000 0.000000 0.000000
0.000000 0.000000 1.000000 0.000000
0.000000 0.000000 0.000000 1.000000
mixamorig1:LeftHand_$AssimpFbx$_Rotation
66
ChildCount: 1
9
65
1.000000 0.000000 -0.000000 0.000000
0.000000 1.000000 -0.000000 0.000000
-0.000000 -0.000000 1.000000 -0.000000
0.000000 0.000000 -0.000000 1.000000
1.000000 0.000000 0.000000 0.000000
0.000000 1.000000 0.000000 0.000000
0.000000 0.000000 1.000000 0.000000
0.000000 0.000000 0.000000 1.000000
mixamorig1:LeftHandThumb1_$AssimpFbx$_Translation
67
ChildCount: 1
68
9
1.000000 0.000000 -0.000000 0.000000
0.000000 1.000000 -0.000000 0.000000
-0.000000 -0.000000 1.000000 -0.000000
-0.026652 0.038611 -0.014899 1.000000
1.000000 0.000000 0.000000 0.000000
0.000000 1.000000 0.000000 0.000000
0.000000 0.000000 1.000000 0.000000
0.000000 0.000000 0.000000 1.000000
mixamorig1:LeftHandThumb1_$AssimpFbx$_PreRotation
68
ChildCount: 1
69
67
0.638146 0.769916 0.000000 0.000000
-0.731151 0.606015 -0.313312 0.000000
-0.241223 0.199938 0.949650 -0.000000
0.000000 0.000000 -0.000000 1.000000
1.000000 0.000000 0.000000 0.000000
0.000000 1.000000 0.000000 0.000000
0.000000 0.000000 1.000000 0.000000
0.000000 0.000000 0.000000 1.000000
mixamorig1:LeftHandThumb1_$AssimpFbx$_Rotation
69
ChildCount: 1
26
68
1.000000 0.000000 -0.000000 0.000000
0.000000 1.000000 -0.000000 0.000000
-0.000000 -0.000000 1.000000 -0.000000
0.000000 0.000000 -0.000000 1.000000
1.000000 0.000000 0.000000 0.000000
0.000000 1.000000 0.000000 0.000000
0.000000 0.000000 1.000000 0.000000
0.000000 0.000000 0.000000 1.000000
mixamorig1:LeftHandThumb2_$AssimpFbx$_Translation
70
ChildCount: 1
71
26
1.000000 0.000000 -0.000000 0.000000
0.000000 1.000000 -0.000000 0.000000
-0.000000 -0.000000 1.000000 -0.000000
0.010176 0.038043 -0.000000 1.000000
1.000000 0.000000 0.000000 0.000000
0.000000 1.000000 0.000000 0.000000
0.000000 0.000000 1.000000 0.000000
0.000000 0.000000 0.000000 1.000000
mixamorig1:LeftHandThumb2_$AssimpFbx$_PreRotation
71
ChildCount: 1
72
70
1.000000 0.000000 -0.000000 0.000000
0.000000 0.999621 -0.027533 0.000000
-0.000000 0.027533 0.999621 -0.000000
0.000000 0.000000 -0.000000 1.000000
1.000000 0.000000 0.000000 0.000000
0.000000 1.000000 0.000000 0.000000
0.000000 0.000000 1.000000 0.000000
0.000000 0.000000 0.000000 1.000000
mixamorig1:LeftHandThumb2_$AssimpFbx$_Rotation
72
ChildCount: 1
27
71
1.000000 0.000000 -0.000000 0.000000
0.000000 1.000000 -0.000000 0.000000
-0.000000 -0.000000 1.000000 -0.000000
0.000000 0.000000 -0.000000 1.000000
1.000000 0.000000 0.000000 0.000000
0.000000 1.000000 0.000000 0.000000
0.000000 0.000000 1.000000 0.000000
0.000000 0.000000 0.000000 1.000000
mixamorig1:LeftHandThumb3_$AssimpFbx$_Translation
73
ChildCount: 1
74
27
1.000000 0.000000 -0.000000 0.000000
0.000000 1.000000 -0.000000 0.000000
-0.000000 -0.000000 1.000000 -0.000000
-0.010257 0.035659 0.000000 1.000000
1.000000 0.000000 0.000000 0.000000
0.000000 1.000000 0.000000 0.000000
0.000000 0.000000 1.000000 0.000000
0.000000 0.000000 0.000000 1.000000
mixamorig1:LeftHandThumb3_$AssimpFbx$_PreRotation
74
ChildCount: 1
75
73
1.000000 0.000000 -0.000000 0.000000
0.000000 0.995437 -0.095421 0.000000
-0.000000 0.095421 0.995437 -0.000000
0.000000 0.000000 -0.000000 1.000000
1.000000 0.000000 0.000000 0.000000
0.000000 1.000000 0.000000 0.000000
0.000000 0.000000 1.000000 0.000000
0.000000 0.000000 0.000000 1.000000
mixamorig1:LeftHandThumb3_$AssimpFbx$_Rotation
75
ChildCount: 1
28
74
1.000000 0.000000 -0.000000 0.000000
0.000000 1.000000 -0.000000 0.000000
-0.000000 -0.000000 1.000000 -0.000000
0.000000 0.000000 -0.000000 1.000000
1.000000 0.000000 0.000000 0.000000
0.000000 1.000000 0.000000 0.000000
0.000000 0.000000 1.000000 0.000000
0.000000 0.000000 0.000000 1.000000
mixamorig1:LeftHandThumb4
76
ChildCount: 0
28
1.000000 0.000000 -0.000000 0.000000
0.000000 1.000000 -0.000000 0.000000
-0.000000 -0.000000 1.000000 -0.000000
0.000082 0.024731 -0.000000 1.000000
1.000000 0.000000 0.000000 0.000000
0.000000 1.000000 0.000000 0.000000
0.000000 0.000000 1.000000 0.000000
0.000000 0.000000 0.000000 1.000000
mixamorig1:LeftHandIndex1_$AssimpFbx$_Translation
77
ChildCount: 1
78
9
1.000000 0.000000 -0.000000 0.000000
0.000000 1.000000 -0.000000 0.000000
-0.000000 -0.000000 1.000000 -0.000000
-0.031464 0.111647 -0.001278 1.000000
1.000000 0.000000 0.000000 0.000000
0.000000 1.000000 0.000000 0.000000
0.000000 0.000000 1.000000 0.000000
0.000000 0.000000 0.000000 1.000000
mixamorig1:LeftHandIndex1_$AssimpFbx$_PreRotation
78
ChildCount: 1
79
77
0.949275 0.314446 0.000000 0.000000
-0.313871 0.947540 0.060433 0.000000
0.019003 -0.057368 0.998172 -0.000000
0.000000 0.000000 -0.000000 1.000000
1.000000 0.000000 0.000000 0.000000
0.000000 1.000000 0.000000 0.000000
0.000000 0.000000 1.000000 0.000000
0.000000 0.000000 0.000000 1.000000
mixamorig1:LeftHandIndex1_$AssimpFbx$_Rotation
79
ChildCount: 1
29
78
1.000000 0.000000 -0.000000 0.000000
0.000000 1.000000 -0.000000 0.000000
-0.000000 -0.000000 1.000000 -0.000000
0.000000 0.000000 -0.000000 1.000000
1.000000 0.000000 0.000000 0.000000
0.000000 1.000000 0.000000 0.000000
0.000000 0.000000 1.000000 0.000000
0.000000 0.000000 0.000000 1.000000
mixamorig1:LeftHandIndex2_$AssimpFbx$_Translation
80
ChildCount: 1
81
29
1.000000 0.000000 -0.000000 0.000000
0.000000 1.000000 -0.000000 0.000000
-0.000000 -0.000000 1.000000 -0.000000
-0.000001 0.038086 -0.000000 1.000000
1.000000 0.000000 0.000000 0.000000
0.000000 1.000000 0.000000 0.000000
0.000000 0.000000 1.000000 0.000000
0.000000 0.000000 0.000000 1.000000
mixamorig1:LeftHandIndex2_$AssimpFbx$_PreRotation
81
ChildCount: 1
82
80
1.000000 0.000000 -0.000000 0.000000
0.000000 0.999760 0.021927 0.000000
-0.000000 -0.021927 0.999760 -0.000000
0.000000 0.000000 -0.000000 1.000000
1.000000 0.000000 0.000000 0.000000
0.000000 1.000000 0.000000 0.000000
0.000000 0.000000 1.000000 0.000000
0.000000 0.000000 0.000000 1.000000
mixamorig1:LeftHandIndex2_$AssimpFbx$_Rotation
82
ChildCount: 1
31
81
1.000000 0.000000 -0.000000 0.000000
0.000000 1.000000 -0.000000 0.000000
-0.000000 -0.000000 1.000000 -0.000000
0.000000 0.000000 -0.000000 1.000000
1.000000 0.000000 0.000000 0.000000
0.000000 1.000000 0.000000 0.000000
0.000000 0.000000 1.000000 0.000000
0.000000 0.000000 0.000000 1.000000
mixamorig1:LeftHandIndex3_$AssimpFbx$_Translation
83
ChildCount: 1
84
31
1.000000 0.000000 -0.000000 0.000000
0.000000 1.000000 -0.000000 0.000000
-0.000000 -0.000000 1.000000 -0.000000
-0.000008 0.035652 0.000000 1.000000
1.000000 0.000000 0.000000 0.000000
0.000000 1.000000 0.000000 0.000000
0.000000 0.000000 1.000000 0.000000
0.000000 0.000000 0.000000 1.000000
mixamorig1:LeftHandIndex3_$AssimpFbx$_PreRotation
84
ChildCount: 1
85
83
1.000000 0.000000 -0.000000 0.000000
0.000000 0.998480 -0.055115 0.000000
-0.000000 0.055115 0.998480 -0.000000
0.000000 0.000000 -0.000000 1.000000
1.000000 0.000000 0.000000 0.000000
0.000000 1.000000 0.000000 0.000000
0.000000 0.000000 1.000000 0.000000
0.000000 0.000000 0.000000 1.000000
mixamorig1:LeftHandIndex3_$AssimpFbx$_Rotation
85
ChildCount: 1
34
84
1.000000 0.000000 -0.000000 0.000000
0.000000 1.000000 -0.000000 0.000000
-0.000000 -0.000000 1.000000 -0.000000
0.000000 0.000000 -0.000000 1.000000
1.000000 0.000000 0.000000 0.000000
0.000000 1.000000 0.000000 0.000000
0.000000 0.000000 1.000000 0.000000
0.000000 0.000000 0.000000 1.000000
mixamorig1:LeftHandIndex4
86
ChildCount: 0
34
1.000000 0.000000 -0.000000 0.000000
0.000000 1.000000 -0.000000 0.000000
-0.000000 -0.000000 1.000000 -0.000000
0.000009 0.023606 0.000000 1.000000
1.000000 0.000000 0.000000 0.000000
0.000000 1.000000 0.000000 0.000000
0.000000 0.000000 1.000000 0.000000
0.000000 0.000000 0.000000 1.000000
mixamorig1:LeftHandMiddle1_$AssimpFbx$_Translation
87
ChildCount: 1
88
9
1.000000 0.000000 -0.000000 0.000000
0.000000 1.000000 -0.000000 0.000000
-0.000000 -0.000000 1.000000 -0.000000
-0.000694 0.113225 0.000416 1.000000
1.000000 0.000000 0.000000 0.000000
0.000000 1.000000 0.000000 0.000000
0.000000 0.000000 1.000000 0.000000
0.000000 0.000000 0.000000 1.000000
mixamorig1:LeftHandMiddle1_$AssimpFbx$_PreRotation
88
ChildCount: 1
89
87
0.999994 -0.003384 -0.000000 0.000000
0.003384 0.999946 0.009808 0.000000
-0.000033 -0.009808 0.999952 -0.000000
0.000000 0.000000 -0.000000 1.000000
1.000000 0.000000 0.000000 0.000000
0.000000 1.000000 0.000000 0.000000
0.000000 0.000000 1.000000 0.000000
0.000000 0.000000 0.000000 1.000000
mixamorig1:LeftHandMiddle1_$AssimpFbx$_Rotation
89
ChildCount: 1
25
88
1.000000 0.000000 -0.000000 0.000000
0.000000 1.000000 -0.000000 0.000000
-0.000000 -0.000000 1.000000 -0.000000
0.000000 0.000000 -0.000000 1.000000
1.000000 0.000000 0.000000 0.000000
0.000000 1.000000 0.000000 0.000000
0.000000 0.000000 1.000000 0.000000
0.000000 0.000000 0.000000 1.000000
mixamorig1:LeftHandMiddle2_$AssimpFbx$_Translation
90
ChildCount: 1
91
25
1.000000 0.000000 -0.000000 0.000000
0.000000 1.000000 -0.000000 0.000000
-0.000000 -0.000000 1.000000 -0.000000
-0.000036 0.038235 -0.000000 1.000000
1.000000 0.000000 0.000000 0.000000
0.000000 1.000000 0.000000 0.000000
0.000000 0.000000 1.000000 0.000000
0.000000 0.000000 0.000000 1.000000
mixamorig1:LeftHandMiddle2_$AssimpFbx$_PreRotation
91
ChildCount: 1
92
90
1.000000 0.000000 -0.000000 0.000000
0.000000 0.997889 0.064938 0.000000
-0.000000 -0.064938 0.997889 -0.000000
0.000000 0.000000 -0.000000 1.000000
1.000000 0.000000 0.000000 0.000000
0.000000 1.000000 0.000000 0.000000
0.000000 0.000000 1.000000 0.000000
0.000000 0.000000 0.000000 1.000000
mixamorig1:LeftHandMiddle2_$AssimpFbx$_Rotation
92
ChildCount: 1
32
91
1.000000 0.000000 -0.000000 0.000000
0.000000 1.000000 -0.000000 0.000000
-0.000000 -0.000000 1.000000 -0.000000
0.000000 0.000000 -0.000000 1.000000
1.000000 0.000000 0.000000 0.000000
0.000000 1.000000 0.000000 0.000000
0.000000 0.000000 1.000000 0.000000
0.000000 0.000000 0.000000 1.000000
mixamorig1:LeftHandMiddle3_$AssimpFbx$_Translation
93
ChildCount: 1
94
32
1.000000 0.000000 -0.000000 0.000000
0.000000 1.000000 -0.000000 0.000000
-0.000000 -0.000000 1.000000 -0.000000
0.000014 0.038648 0.000000 1.000000
1.000000 0.000000 0.000000 0.000000
0.000000 1.000000 0.000000 0.000000
0.000000 0.000000 1.000000 0.000000
0.000000 0.000000 0.000000 1.000000
mixamorig1:LeftHandMiddle3_$AssimpFbx$_PreRotation
94
ChildCount: 1
95
93
1.000000 0.000000 -0.000000 0.000000
0.000000 0.999567 0.029425 0.000000
-0.000000 -0.029425 0.999567 -0.000000
0.000000 0.000000 -0.000000 1.000000
1.000000 0.000000 0.000000 0.000000
0.000000 1.000000 0.000000 0.000000
0.000000 0.000000 1.000000 0.000000
0.000000 0.000000 0.000000 1.000000
mixamorig1:LeftHandMiddle3_$AssimpFbx$_Rotation
95
ChildCount: 1
35
94
1.000000 0.000000 -0.000000 0.000000
0.000000 1.000000 -0.000000 0.000000
-0.000000 -0.000000 1.000000 -0.000000
0.000000 0.000000 -0.000000 1.000000
1.000000 0.000000 0.000000 0.000000
0.000000 1.000000 0.000000 0.000000
0.000000 0.000000 1.000000 0.000000
0.000000 0.000000 0.000000 1.000000
mixamorig1:LeftHandMiddle4
96
ChildCount: 0
35
1.000000 0.000000 -0.000000 0.000000
0.000000 1.000000 -0.000000 0.000000
-0.000000 -0.000000 1.000000 -0.000000
0.000022 0.025723 -0.000000 1.000000
1.000000 0.000000 0.000000 0.000000
0.000000 1.000000 0.000000 0.000000
0.000000 0.000000 1.000000 0.000000
0.000000 0.000000 0.000000 1.000000
mixamorig1:LeftHandRing1_$AssimpFbx$_Translation
97
ChildCount: 1
98
9
1.000000 0.000000 -0.000000 0.000000
0.000000 1.000000 -0.000000 0.000000
-0.000000 -0.000000 1.000000 -0.000000
0.032158 0.106964 0.000519 1.000000
1.000000 0.000000 0.000000 0.000000
0.000000 1.000000 0.000000 0.000000
0.000000 0.000000 1.000000 0.000000
0.000000 0.000000 0.000000 1.000000
mixamorig1:LeftHandRing1_$AssimpFbx$_PreRotation
98
ChildCount: 1
99
97
0.952474 -0.304619 -0.000000 0.000000
0.303985 0.950495 -0.064437 0.000000
0.019629 0.061374 0.997922 -0.000000
0.000000 0.000000 -0.000000 1.000000
1.000000 0.000000 0.000000 0.000000
0.000000 1.000000 0.000000 0.000000
0.000000 0.000000 1.000000 0.000000
0.000000 0.000000 0.000000 1.000000
mixamorig1:LeftHandRing1_$AssimpFbx$_Rotation
99
ChildCount: 1
10
98
1.000000 0.000000 -0.000000 0.000000
0.000000 1.000000 -0.000000 0.000000
-0.000000 -0.000000 1.000000 -0.000000
0.000000 0.000000 -0.000000 1.000000
1.000000 0.000000 0.000000 0.000000
0.000000 1.000000 0.000000 0.000000
0.000000 0.000000 1.000000 0.000000
0.000000 0.000000 0.000000 1.000000
mixamorig1:LeftHandRing2_$AssimpFbx$_Translation
100
ChildCount: 1
101
10
1.000000 0.000000 -0.000000 0.000000
0.000000 1.000000 -0.000000 0.000000
-0.000000 -0.000000 1.000000 -0.000000
-0.000166 0.034699 0.000000 1.000000
1.000000 0.000000 0.000000 0.000000
0.000000 1.000000 0.000000 0.000000
0.000000 0.000000 1.000000 0.000000
0.000000 0.000000 0.000000 1.000000
mixamorig1:LeftHandRing2_$AssimpFbx$_PreRotation
101
ChildCount: 1
102
100
1.000000 0.000000 -0.000000 0.000000
0.000000 0.993747 0.111659 0.000000
-0.000000 -0.111659 0.993747 -0.000000
0.000000 0.000000 -0.000000 1.000000
1.000000 0.000000 0.000000 0.000000
0.000000 1.000000 0.000000 0.000000
0.000000 0.000000 1.000000 0.000000
0.000000 0.000000 0.000000 1.000000
mixamorig1:LeftHandRing2_$AssimpFbx$_Rotation
102
ChildCount: 1
30
101
1.000000 0.000000 -0.000000 0.000000
0.000000 1.000000 -0.000000 0.000000
-0.000000 -0.000000 1.000000 -0.000000
0.000000 0.000000 -0.000000 1.000000
1.000000 0.000000 0.000000 0.000000
0.000000 1.000000 0.000000 0.000000
0.000000 0.000000 1.000000 0.000000
0.000000 0.000000 0.000000 1.000000
mixamorig1:LeftHandRing3_$AssimpFbx$_Translation
103
ChildCount: 1
104
30
1.000000 0.000000 -0.000000 0.000000
0.000000 1.000000 -0.000000 0.000000
-0.000000 -0.000000 1.000000 -0.000000
0.000007 0.031986 -0.000000 1.000000
1.000000 0.000000 0.000000 0.000000
0.000000 1.000000 0.000000 0.000000
0.000000 0.000000 1.000000 0.000000
0.000000 0.000000 0.000000 1.000000
mixamorig1:LeftHandRing3_$AssimpFbx$_PreRotation
104
ChildCount: 1
105
103
1.000000 0.000000 -0.000000 0.000000
0.000000 0.988501 0.151212 0.000000
-0.000000 -0.151212 0.988501 -0.000000
0.000000 0.000000 -0.000000 1.000000
1.000000 0.000000 0.000000 0.000000
0.000000 1.000000 0.000000 0.000000
0.000000 0.000000 1.000000 0.000000
0.000000 0.000000 0.000000 1.000000
mixamorig1:LeftHandRing3_$AssimpFbx$_Rotation
105
ChildCount: 1
33
104
1.000000 0.000000 -0.000000 0.000000
0.000000 1.000000 -0.000000 0.000000
-0.000000 -0.000000 1.000000 -0.000000
0.000000 0.000000 -0.000000 1.000000
1.000000 0.000000 0.000000 0.000000
0.000000 1.000000 0.000000 0.000000
0.000000 0.000000 1.000000 0.000000
0.000000 0.000000 0.000000 1.000000
mixamorig1:LeftHandRing4
106
ChildCount: 0
33
1.000000 0.000000 -0.000000 0.000000
0.000000 1.000000 -0.000000 0.000000
-0.000000 -0.000000 1.000000 -0.000000
0.000159 0.022892 0.000000 1.000000
1.000000 0.000000 0.000000 0.000000
0.000000 1.000000 0.000000 0.000000
0.000000 0.000000 1.000000 0.000000
0.000000 0.000000 0.000000 1.000000
mixamorig1:RightShoulder_$AssimpFbx$_Translation
107
ChildCount: 1
108
2
1.000000 0.000000 -0.000000 0.000000
0.000000 1.000000 -0.000000 0.000000
-0.000000 -0.000000 1.000000 -0.000000
-0.048535 0.097617 0.000753 1.000000
1.000000 0.000000 0.000000 0.000000
0.000000 1.000000 0.000000 0.000000
0.000000 0.000000 1.000000 0.000000
0.000000 0.000000 0.000000 1.000000
mixamorig1:RightShoulder_$AssimpFbx$_PreRotation
108
ChildCount: 1
109
107
-0.015376 0.000068 -0.999882 0.000000
-0.935197 -0.353836 0.014358 0.000000
-0.353793 0.935307 0.005505 -0.000000
0.000000 0.000000 -0.000000 1.000000
1.000000 0.000000 0.000000 0.000000
0.000000 1.000000 0.000000 0.000000
0.000000 0.000000 1.000000 0.000000
0.000000 0.000000 0.000000 1.000000
mixamorig1:RightShoulder_$AssimpFbx$_Rotation
109
ChildCount: 1
4
108
1.000000 0.000000 -0.000000 0.000000
0.000000 1.000000 -0.000000 0.000000
-0.000000 -0.000000 1.000000 -0.000000
0.000000 0.000000 -0.000000 1.000000
1.000000 0.000000 0.000000 0.000000
0.000000 1.000000 0.000000 0.000000
0.000000 0.000000 1.000000 0.000000
0.000000 0.000000 0.000000 1.000000
mixamorig1:RightArm_$AssimpFbx$_Translation
110
ChildCount: 1
111
4
1.000000 0.000000 -0.000000 0.000000
0.000000 1.000000 -0.000000 0.000000
-0.000000 -0.000000 1.000000 -0.000000
-0.000000 0.104392 -0.000000 1.000000
1.000000 0.000000 0.000000 0.000000
0.000000 1.000000 0.000000 0.000000
0.000000 0.000000 1.000000 0.000000
0.000000 0.000000 0.000000 1.000000
mixamorig1:RightArm_$AssimpFbx$_PreRotation
111
ChildCount: 1
112
110
0.999896 0.014388 -0.000000 0.000000
-0.013858 0.963049 0.268969 0.000000
0.003870 -0.268941 0.963149 -0.000000
0.000000 0.000000 -0.000000 1.000000
1.000000 0.000000 0.000000 0.000000
0.000000 1.000000 0.000000 0.000000
0.000000 0.000000 1.000000 0.000000
0.000000 0.000000 0.000000 1.000000
mixamorig1:RightArm_$AssimpFbx$_Rotation
112
ChildCount: 1
5
111
