BoneCount: 58
Hips-node
0
ChildCount: 4
1
5
9
46
40
-0.999989 -0.000004 0.004742 0.000000
-0.000143 -0.999520 -0.030982 0.000000
0.004740 -0.030982 0.999508 -0.000000
0.000000 0.000000 -0.000000 1.000000
0.000001 0.999522 0.030913 0.000000
1.000000 -0.000001 -0.000009 0.000000
-0.000009 0.030913 -0.999522 -0.000000
-0.108018 0.040467 -1.308390 1.000000
LThigh-node
1
ChildCount: 1
2
0
-0.047027 0.030892 -0.998416 0.000000
-0.000001 0.999523 0.030927 0.000000
0.998894 0.001456 -0.047004 -0.000000
0.430857 0.350000 -0.046399 1.000000
0.000013 1.000000 0.000003 0.000000
-0.047017 -0.000002 0.998894 0.000000
0.998894 -0.000013 0.047017 -0.000000
1.275770 -0.348414 -0.479410 1.000000
LLeg-node
2
ChildCount: 1
3
1
0.749029 0.000000 0.662538 0.000000
0.000000 1.000000 -0.000000 0.000000
-0.662538 -0.000000 0.749029 -0.000000
0.409652 0.000000 -0.000000 1.000000
0.000012 1.000000 -0.000006 0.000000
0.626587 -0.000002 0.779351 0.000000
0.779351 -0.000013 -0.626587 -0.000000
0.331124 -0.348414 -0.932931 1.000000
LFoot-node
3
ChildCount: 2
4
42
2
-0.626577 0.000005 -0.779360 0.000000
0.000005 1.000000 0.000002 0.000000
0.779360 -0.000002 -0.626577 -0.000000
0.380577 0.000000 -0.000000 1.000000
0.000002 1.000000 0.000012 0.000000
-1.000000 0.000002 0.000014 0.000000
0.000014 -0.000012 1.000000 -0.000000
0.758073 -0.348418 0.546011 1.000000
LToe-node
4
ChildCount: 1
41
3
1.000000 0.000000 -0.000000 0.000000
0.000000 1.000000 -0.000000 0.000000
-0.000000 -0.000000 1.000000 -0.000000
0.234528 0.000000 0.358677 1.000000
0.000002 1.000000 0.000012 0.000000
-1.000000 0.000002 0.000014 0.000000
0.000014 -0.000012 1.000000 -0.000000
0.523545 -0.348418 0.187333 1.000000
RThigh-node
5
ChildCount: 1
6
0
-0.047027 0.030892 -0.998416 0.000000
-0.000001 0.999523 0.030927 0.000000
0.998894 0.001456 -0.047004 -0.000000
0.430857 -0.350000 -0.046394 1.000000
0.000013 1.000000 0.000003 0.000000
-0.047017 -0.000002 0.998894 0.000000
0.998894 -0.000013 0.047017 -0.000000
1.297400 0.351251 -0.478391 1.000000
RLeg-node
6
ChildCount: 1
7
5
0.749030 0.000000 0.662536 0.000000
0.000000 1.000000 -0.000000 0.000000
-0.662536 -0.000000 0.749030 -0.000000
0.409655 0.000000 -0.000000 1.000000
0.000012 1.000000 -0.000006 0.000000
0.626586 -0.000002 0.779352 0.000000
0.779352 -0.000013 -0.626586 -0.000000
0.347999 0.351251 -0.946495 1.000000
RFoot-node
7
ChildCount: 2
43
8
6
-0.626576 0.000006 -0.779360 0.000000
0.001536 0.999997 -0.001228 0.000000
0.779358 -0.001967 -0.626575 -0.000000
0.380578 0.000000 -0.000000 1.000000
0.000002 0.999998 -0.001953 0.000000
-1.000000 0.000002 0.000014 0.000000
0.000014 0.001953 0.999998 -0.000000
0.758076 0.352363 0.566967 1.000000
RToe-node
8
ChildCount: 1
44
7
1.000000 0.000000 -0.000000 0.000000
0.000000 1.000000 -0.000000 0.000000
-0.000000 -0.000000 1.000000 -0.000000
0.234528 0.000000 0.358678 1.000000
0.000002 0.999998 -0.001953 0.000000
-1.000000 0.000002 0.000014 0.000000
0.000014 0.001953 0.999998 -0.000000
0.523548 0.352362 0.208289 1.000000
Tail1-node
9
ChildCount: 1
10
0
1.000000 0.000000 -0.000000 0.000000
0.000000 1.000000 -0.000000 0.000000
-0.000000 -0.000000 1.000000 -0.000000
0.622569 0.000000 0.154535 1.000000
0.000001 0.999522 0.030913 0.000000
1.000000 -0.000001 -0.000009 0.000000
-0.000009 0.030913 -0.999522 -0.000000
-0.730587 0.040467 -1.462930 1.000000
Tail2-node
10
ChildCount: 1
11
9
1.000000 0.000000 -0.000000 0.000000
0.000000 1.000000 -0.000000 0.000000
-0.000000 -0.000000 1.000000 -0.000000
0.698816 0.000000 -0.000000 1.000000
0.000001 0.999522 0.030913 0.000000
1.000000 -0.000001 -0.000009 0.000000
-0.000009 0.030913 -0.999522 -0.000000
-1.429400 0.040467 -1.462930 1.000000
Tail3-node
11
ChildCount: 1
45
10
1.000000 0.000000 -0.000000 0.000000
0.000000 1.000000 -0.000000 0.000000
-0.000000 -0.000000 1.000000 -0.000000
0.684016 0.000000 -0.000000 1.000000
0.000001 0.999522 0.030913 0.000000
1.000000 -0.000001 -0.000009 0.000000
-0.000009 0.030913 -0.999522 -0.000000
-2.113420 0.040467 -1.462930 1.000000
Spine1-node
12
ChildCount: 1
13
40
1.000000 0.000000 -0.000000 0.000000
0.000000 1.000000 -0.000000 0.000000
-0.000000 -0.000000 1.000000 -0.000000
0.000000 0.000000 -0.000000 1.000000
0.000000 -1.000000 -0.000025 0.000000
-0.999989 0.000000 0.004756 0.000000
-0.004756 0.000025 -0.999989 -0.000000
0.101778 0.000033 -1.309520 1.000000
Spine2-node
13
ChildCount: 3
18
33
14
12
0.862295 -0.000006 0.506407 0.000000
-0.000001 1.000000 0.000012 0.000000
-0.506407 -0.000011 0.862295 -0.000000
0.346681 0.000000 -0.000000 1.000000
-0.000007 -1.000000 -0.000010 0.000000
-0.859876 0.000000 0.510503 0.000000
-0.510503 0.000012 -0.859876 -0.000000
-0.874329 0.000017 -1.005170 1.000000
LShoulder-node
14
ChildCount: 1
15
13
-0.663051 -0.458651 -0.591611 0.000000
0.243042 -0.879401 0.409372 0.000000
-0.708022 0.127648 0.694560 -0.000000
0.234433 -0.234534 -0.084338 1.000000
0.458661 0.879395 -0.127649 0.000000
0.268121 -0.000001 0.963385 0.000000
0.847196 -0.476093 -0.235785 -0.000000
1.172360 -0.852702 0.175396 1.000000
LArm-node
15
ChildCount: 1
16
14
0.755353 -0.461487 -0.465265 0.000000
0.458653 0.879400 -0.127642 0.000000
0.468059 -0.116980 0.875920 -0.000000
0.246676 0.000000 0.000000 1.000000
0.000012 1.000000 -0.000001 0.000000
-0.245702 0.000004 0.969346 0.000000
0.969346 -0.000011 0.245702 -0.000000
1.011130 -0.347686 0.686657 1.000000
LForeArm-node
16
ChildCount: 1
17
15
0.986986 0.000000 -0.160807 0.000000
0.000000 1.000000 -0.000000 0.000000
0.160807 -0.000000 0.986986 -0.000000
0.593564 0.000000 -0.000000 1.000000
0.000012 1.000000 -0.000000 0.000000
-0.398382 0.000004 0.917220 0.000000
0.917220 -0.000011 0.398382 -0.000000
0.301709 -0.347686 0.744868 1.000000
LHand-node
17
ChildCount: 1
55
16
0.398395 0.000000 -0.917214 0.000000
-0.000002 1.000000 -0.000000 0.000000
0.917214 0.000002 0.398395 -0.000000
0.390452 0.000000 -0.000000 1.000000
0.000004 1.000000 0.000013 0.000000
-1.000000 0.000004 0.000014 0.000000
0.000014 -0.000013 1.000000 -0.000000
-0.718558 -0.347686 0.215355 1.000000
Neck-node
18
ChildCount: 5
19
21
23
29
31
13
0.757103 0.000001 0.653295 0.000000
0.000000 1.000000 -0.000002 0.000000
-0.653295 0.000002 0.757103 -0.000000
0.336289 0.000000 0.000000 1.000000
-0.000013 -1.000000 -0.000005 0.000000
-0.317506 0.000000 0.948256 0.000000
-0.948256 0.000014 -0.317506 -0.000000
-1.573240 0.000019 0.029872 1.000000
FeelerA1-node
19
ChildCount: 1
20
18
-0.958507 0.000002 -0.285070 0.000000
0.000002 1.000000 0.000002 0.000000
0.285070 0.000002 -0.958507 -0.000000
0.134610 0.000000 -0.466734 1.000000
0.000011 -1.000000 -0.000001 0.000000
0.034008 0.000001 -0.999422 0.000000
0.999422 0.000011 0.034008 -0.000000
1.495410 0.000016 -0.962861 1.000000
FeelerA2-node
20
ChildCount: 1
47
19
0.955113 0.000000 -0.296242 0.000000
0.000000 1.000000 -0.000000 0.000000
0.296242 -0.000000 0.955113 -0.000000
0.418285 0.000000 -0.000000 1.000000
0.000011 -1.000000 0.000002 0.000000
0.328552 0.000001 -0.944486 0.000000
0.944486 0.000011 0.328552 -0.000000
1.314020 0.000016 -0.600552 1.000000
FeelerB1-node
21
ChildCount: 1
22
18
-0.305941 0.000000 0.952050 0.000000
-0.000000 -1.000000 0.000000 0.000000
0.952050 -0.000000 0.305941 -0.000000
0.121855 0.000000 0.194779 1.000000
0.000000 1.000000 -0.000016 0.000000
0.999926 0.000000 -0.012171 0.000000
-0.012171 -0.000016 -0.999926 -0.000000
0.361597 -0.000022 -1.664260 1.000000
FeelerB2-node
22
ChildCount: 1
48
21
1.000000 0.000000 -0.000000 0.000000
0.000000 1.000000 -0.000000 0.000000
-0.000000 -0.000000 1.000000 -0.000000
0.349582 0.000000 -0.000000 1.000000
0.000000 1.000000 -0.000016 0.000000
0.999926 0.000000 -0.012171 0.000000
-0.012171 -0.000016 -0.999926 -0.000000
0.012015 -0.000022 -1.664260 1.000000
Head-node
23
ChildCount: 3
24
25
27
18
0.999812 0.000000 -0.019389 0.000000
0.000000 1.000000 -0.000000 0.000000
0.019389 -0.000000 0.999812 -0.000000
0.267349 0.000000 -0.000000 1.000000
-0.000013 -1.000000 -0.000005 0.000000
-0.335832 0.000000 0.941922 0.000000
-0.941922 0.000014 -0.335832 -0.000000
-1.840820 0.000019 -0.005820 1.000000
Hair-node
24
ChildCount: 1
49
23
0.994523 0.000000 -0.104515 0.000000
0.000000 1.000000 -0.000000 0.000000
0.104515 -0.000000 0.994523 -0.000000
1.240330 -0.000000 0.000000 1.000000
-0.000013 -1.000000 -0.000006 0.000000
-0.432438 0.000000 0.901664 0.000000
-0.901664 0.000014 -0.432438 -0.000000
-3.063670 0.000019 -0.327814 1.000000
LEar1-node
25
ChildCount: 1
26
23
0.481196 -0.808657 0.338415 0.000000
0.803494 0.561221 0.198563 0.000000
-0.350495 0.176366 0.919808 -0.000000
0.819216 -0.619639 0.074505 1.000000
0.808648 -0.561233 -0.176367 0.000000
0.157160 -0.082808 0.984096 0.000000
-0.566912 -0.823505 0.021240 -0.000000
-1.808270 -1.805510 0.967733 1.000000
LEar2-node
26
ChildCount: 1
50
25
1.000000 0.000000 -0.000000 0.000000
0.000000 1.000000 -0.000000 0.000000
-0.000000 -0.000000 1.000000 -0.000000
0.666944 -0.000000 -0.000000 1.000000
0.808648 -0.561233 -0.176367 0.000000
0.157160 -0.082808 0.984095 0.000000
-0.566912 -0.823505 0.021240 -0.000000
-2.475220 -1.805510 0.967733 1.000000
REar1-node
27
ChildCount: 1
28
23
0.481197 0.808656 0.338414 0.000000
-0.803494 0.561222 -0.198563 0.000000
-0.350495 -0.176366 0.919809 -0.000000
0.819221 0.619639 0.074506 1.000000
-0.808665 -0.561210 0.176366 0.000000
0.157159 0.082807 0.984096 0.000000
-0.566889 0.823521 0.021235 -0.000000
-1.808250 1.805530 0.967727 1.000000
REar2-node
28
ChildCount: 1
51
27
1.000000 0.000000 -0.000000 0.000000
0.000000 1.000000 -0.000000 0.000000
-0.000000 -0.000000 1.000000 -0.000000
0.666900 0.000001 0.000001 1.000000
-0.808665 -0.561210 0.176366 0.000000
0.157159 0.082807 0.984095 0.000000
-0.566889 0.823521 0.021235 -0.000000
-2.475150 1.805530 0.967725 1.000000
LFeeler1-node
29
ChildCount: 1
30
18
-0.946946 -0.321383 0.002556 0.000000
0.320494 -0.944863 -0.067203 0.000000
0.024013 -0.062818 0.997734 -0.000000
0.083265 -0.625682 -0.160806 1.000000
0.321388 0.944862 0.062813 0.000000
0.303087 -0.165483 0.938485 0.000000
0.897133 -0.282580 -0.339560 -0.000000
1.368020 -1.134910 0.111161 1.000000
LFeeler2-node
30
ChildCount: 1
52
29
0.884740 -0.458489 -0.083804 0.000000
0.460107 0.887863 -0.000000 0.000000
0.074407 -0.038559 0.996482 -0.000000
0.363246 0.000000 -0.000000 1.000000
-0.154128 0.986781 0.050073 0.000000
0.265376 -0.007473 0.964116 0.000000
0.951746 0.161886 -0.260716 -0.000000
1.399990 -0.545334 0.229294 1.000000
RFeeler1-node
31
ChildCount: 1
32
18
-0.946946 0.321383 0.002556 0.000000
-0.320494 -0.944863 0.067203 0.000000
0.024013 0.062818 0.997734 -0.000000
0.083266 0.625682 -0.160806 1.000000
-0.321363 0.944870 -0.062823 0.000000
0.303087 0.165483 0.938485 0.000000
0.897143 0.282553 -0.339558 -0.000000
1.368040 1.134870 0.111165 1.000000
RFeeler2-node
32
ChildCount: 1
53
31
0.884739 0.458490 -0.083804 0.000000
-0.460109 0.887862 0.000000 0.000000
0.074407 0.038559 0.996482 -0.000000
0.363244 -0.000001 0.000001 1.000000
0.154156 0.986776 -0.050081 0.000000
0.265376 0.007473 0.964116 0.000000
0.951742 -0.161915 -0.260715 -0.000000
1.399990 0.545296 0.229296 1.000000
RShoulder-node
33
ChildCount: 1
34
13
-0.663049 0.458649 -0.591614 0.000000
-0.243044 -0.879402 -0.409367 0.000000
-0.708022 -0.127642 0.694560 -0.000000
0.234434 0.234534 -0.084338 1.000000
-0.458639 0.879408 0.127639 0.000000
0.268120 0.000004 0.963385 0.000000
0.847208 0.476069 -0.235789 -0.000000
1.172380 0.852672 0.175389 1.000000
RArm-node
34
ChildCount: 1
35
33
0.755354 0.461487 -0.465264 0.000000
-0.458652 0.879401 0.127642 0.000000
0.468058 0.116979 0.875921 -0.000000
0.246680 0.000003 -0.000001 1.000000
0.000014 1.000000 0.000004 0.000000
-0.245700 0.000000 0.969346 0.000000
0.969346 -0.000015 0.245700 -0.000000
1.011120 0.347652 0.686654 1.000000
RForeArm-node
35
ChildCount: 1
36
34
0.986986 0.000000 -0.160806 0.000000
0.000000 1.000000 -0.000000 0.000000
0.160806 -0.000000 0.986986 -0.000000
0.593561 0.000000 -0.000000 1.000000
0.000013 1.000000 0.000006 0.000000
-0.398379 0.000000 0.917221 0.000000
0.917221 -0.000015 0.398379 -0.000000
0.301711 0.347652 0.744864 1.000000
RHand-node
36
ChildCount: 1
54
35
0.398390 0.000003 -0.917216 0.000000
0.000001 1.000000 0.000003 0.000000
0.917216 -0.000002 0.398390 -0.000000
0.390451 0.000000 -0.000000 1.000000
0.000002 1.000000 0.000013 0.000000
-1.000000 0.000002 0.000012 0.000000
0.000012 -0.000013 1.000000 -0.000000
-0.718554 0.347655 0.215352 1.000000
unnamed_scene
37
ChildCount: 2
38
57
-1
0.025400 0.000000 -0.000000 0.000000
0.000000 0.000000 0.025400 0.000000
-0.000000 -0.025400 0.000000 -0.000000
0.000000 0.000000 -0.000000 1.000000
1.000000 0.000000 0.000000 0.000000
0.000000 1.000000 0.000000 0.000000
0.000000 0.000000 1.000000 0.000000
0.000000 0.000000 0.000000 1.000000
pm0133_00-node
38
ChildCount: 2
39
56
37
1.000000 0.000000 -0.000000 0.000000
0.000000 -0.000000 -1.000000 0.000000
-0.000000 1.000000 -0.000000 -0.000000
0.000000 0.000000 -0.000000 1.000000
1.000000 0.000000 0.000000 0.000000
0.000000 1.000000 0.000000 0.000000
0.000000 0.000000 1.000000 0.000000
0.000000 0.000000 0.000000 1.000000
Origin-node
39
ChildCount: 1
40
38
1.000000 0.000000 -0.000000 0.000000
0.000000 1.000000 -0.000000 0.000000
-0.000000 -0.000000 1.000000 -0.000000
0.000000 0.000000 -0.000000 1.000000
1.000000 0.000000 0.000000 0.000000
0.000000 1.000000 0.000000 0.000000
0.000000 0.000000 1.000000 0.000000
0.000000 0.000000 0.000000 1.000000
Waist-node
40
ChildCount: 2
0
12
39
-0.000003 0.004733 -0.999988 0.000000
-1.000000 -0.000072 0.000002 0.000000
-0.000071 0.999988 0.004733 -0.000000
0.000000 1.309020 0.108005 1.000000
1.000000 0.000000 0.000000 0.000000
0.000000 1.000000 0.000000 0.000000
0.000000 0.000000 1.000000 0.000000
0.000000 0.000000 0.000000 1.000000
EndLToe-node
41
ChildCount: 0
4
1.000000 0.000000 -0.000000 0.000000
0.000000 1.000000 -0.000000 0.000000
-0.000000 -0.000000 1.000000 -0.000000
0.423692 0.000000 -0.000000 1.000000
1.000000 0.000000 0.000000 0.000000
0.000000 1.000000 0.000000 0.000000
0.000000 0.000000 1.000000 0.000000
0.000000 0.000000 0.000000 1.000000
EndLFoot-node
42
ChildCount: 0
3
1.000000 0.000000 -0.000000 0.000000
0.000000 1.000000 -0.000000 0.000000
-0.000000 -0.000000 1.000000 -0.000000
0.480592 0.000000 -0.000000 1.000000
1.000000 0.000000 0.000000 0.000000
0.000000 1.000000 0.000000 0.000000
0.000000 0.000000 1.000000 0.000000
0.000000 0.000000 0.000000 1.000000
EndRFoot-node
43
ChildCount: 0
7
1.000000 0.000000 -0.000000 0.000000
0.000000 1.000000 -0.000000 0.000000
-0.000000 -0.000000 1.000000 -0.000000
0.480593 0.000000 -0.000000 1.000000
1.000000 0.000000 0.000000 0.000000
0.000000 1.000000 0.000000 0.000000
0.000000 0.000000 1.000000 0.000000
0.000000 0.000000 0.000000 1.000000
EndRToe-node
44
ChildCount: 0
8
1.000000 0.000000 -0.000000 0.000000
0.000000 1.000000 -0.000000 0.000000
-0.000000 -0.000000 1.000000 -0.000000
0.423692 0.000000 -0.000000 1.000000
1.000000 0.000000 0.000000 0.000000
0.000000 1.000000 0.000000 0.000000
0.000000 0.000000 1.000000 0.000000
0.000000 0.000000 0.000000 1.000000
EndTail3-node
45
ChildCount: 0
11
1.000000 0.000000 -0.000000 0.000000
0.000000 1.000000 -0.000000 0.000000
-0.000000 -0.000000 1.000000 -0.000000
0.798637 0.000000 -0.000000 1.000000
1.000000 0.000000 0.000000 0.000000
0.000000 1.000000 0.000000 0.000000
0.000000 0.000000 1.000000 0.000000
0.000000 0.000000 0.000000 1.000000
EndHips-node
46
ChildCount: 0
0
1.000000 0.000000 -0.000000 0.000000
0.000000 1.000000 -0.000000 0.000000
-0.000000 -0.000000 1.000000 -0.000000
0.997634 0.000000 0.000000 1.000000
1.000000 0.000000 0.000000 0.000000
0.000000 1.000000 0.000000 0.000000
0.000000 0.000000 1.000000 0.000000
0.000000 0.000000 0.000000 1.000000
EndFeelerA2-node
47
ChildCount: 0
20
1.000000 0.000000 -0.000000 0.000000
0.000000 1.000000 -0.000000 0.000000
-0.000000 -0.000000 1.000000 -0.000000
0.514807 0.000000 -0.000000 1.000000
1.000000 0.000000 0.000000 0.000000
0.000000 1.000000 0.000000 0.000000
0.000000 0.000000 1.000000 0.000000
0.000000 0.000000 0.000000 1.000000
EndFeelerB2-node
48
ChildCount: 0
22
1.000000 0.000000 -0.000000 0.000000
0.000000 1.000000 -0.000000 0.000000
-0.000000 -0.000000 1.000000 -0.000000
0.466658 0.000000 -0.000000 1.000000
1.000000 0.000000 0.000000 0.000000
0.000000 1.000000 0.000000 0.000000
0.000000 0.000000 1.000000 0.000000
0.000000 0.000000 0.000000 1.000000
EndHair-node
49
ChildCount: 0
24
1.000000 0.000000 -0.000000 0.000000
0.000000 1.000000 -0.000000 0.000000
-0.000000 -0.000000 1.000000 -0.000000
0.273947 0.000000 -0.000000 1.000000
1.000000 0.000000 0.000000 0.000000
0.000000 1.000000 0.000000 0.000000
0.000000 0.000000 1.000000 0.000000
0.000000 0.000000 0.000000 1.000000
EndLEar2-node
50
ChildCount: 0
26
1.000000 0.000000 -0.000000 0.000000
0.000000 1.000000 -0.000000 0.000000
-0.000000 -0.000000 1.000000 -0.000000
1.333060 0.000000 -0.000000 1.000000
1.000000 0.000000 0.000000 0.000000
0.000000 1.000000 0.000000 0.000000
0.000000 0.000000 1.000000 0.000000
0.000000 0.000000 0.000000 1.000000
EndREar2-node
51
ChildCount: 0
28
1.000000 0.000000 -0.000000 0.000000
0.000000 1.000000 -0.000000 0.000000
-0.000000 -0.000000 1.000000 -0.000000
1.333100 -0.000000 -0.000000 1.000000
1.000000 0.000000 0.000000 0.000000
0.000000 1.000000 0.000000 0.000000
0.000000 0.000000 1.000000 0.000000
0.000000 0.000000 0.000000 1.000000
EndLFeeler2-node
52
ChildCount: 0
30
1.000000 0.000000 -0.000000 0.000000
0.000000 1.000000 -0.000000 0.000000
-0.000000 -0.000000 1.000000 -0.000000
0.492306 0.000000 0.000000 1.000000
1.000000 0.000000 0.000000 0.000000
0.000000 1.000000 0.000000 0.000000
0.000000 0.000000 1.000000 0.000000
0.000000 0.000000 0.000000 1.000000
EndRFeeler2-node
53
ChildCount: 0
32
1.000000 0.000000 -0.000000 0.000000
0.000000 1.000000 -0.000000 0.000000
-0.000000 -0.000000 1.000000 -0.000000
0.492309 0.000000 -0.000000 1.000000
1.000000 0.000000 0.000000 0.000000
0.000000 1.000000 0.000000 0.000000
0.000000 0.000000 1.000000 0.000000
0.000000 0.000000 0.000000 1.000000
EndRHand-node
54
ChildCount: 0
36
1.000000 0.000000 -0.000000 0.000000
0.000000 1.000000 -0.000000 0.000000
-0.000000 -0.000000 1.000000 -0.000000
0.392444 0.000000 -0.000000 1.000000
1.000000 0.000000 0.000000 0.000000
0.000000 1.000000 0.000000 0.000000
0.000000 0.000000 1.000000 0.000000
0.000000 0.000000 0.000000 1.000000
EndLHand-node
55
ChildCount: 0
17
1.000000 0.000000 -0.000000 0.000000
0.000000 1.000000 -0.000000 0.000000
-0.000000 -0.000000 1.000000 -0.000000
0.392442 0.000000 -0.000000 1.000000
1.000000 0.000000 0.000000 0.000000
0.000000 1.000000 0.000000 0.000000
0.000000 0.000000 1.000000 0.000000
0.000000 0.000000 0.000000 1.000000
pm0133_00_Skin-node
56
ChildCount: 0
38
1.000000 0.000000 -0.000000 0.000000
0.000000 1.000000 -0.000000 0.000000
-0.000000 -0.000000 1.000000 -0.000000
0.000000 0.000000 -0.000000 1.000000
1.000000 0.000000 0.000000 0.000000
0.000000 1.000000 0.000000 0.000000
0.000000 0.000000 1.000000 0.000000
0.000000 0.000000 0.000000 1.000000
Eevee-node
57
ChildCount: 0
37
1.000000 0.000000 -0.000000 0.000000
0.000000 1.000000 -0.000000 0.000000
-0.000000 -0.000000 1.000000 -0.000000
0.000000 0.000000 -0.000000 1.000000
1.000000 0.000000 0.000000 0.000000
0.000000 1.000000 0.000000 0.000000
0.000000 0.000000 1.000000 0.000000
0.000000 0.000000 0.000000 1.000000
